.Random.seed <-
c(403L, 10L, -237827430L, 1848592613L, -1317946753L, -2060409850L, 
1184675728L, 1210546739L, 512143825L, 2117579648L, -668766626L, 
944788905L, -1587530661L, -388723606L, -1854450420L, 1941321551L, 
699376645L, -2020844868L, -910169198L, -86644595L, -1344835897L, 
368437166L, 984314376L, 1135572491L, -847069463L, 2004801976L, 
-1078749594L, -1777634559L, 185709971L, 2121551426L, 2007773684L, 
-1122153481L, 171962349L, 1541150852L, -176652630L, -489655275L, 
114681007L, -650679626L, 571123936L, -1862691805L, -239137983L, 
1558746672L, -1782602674L, -1215664967L, -440538933L, 1707603322L, 
98076796L, 122281151L, -1307108971L, 10482092L, -1163967614L, 
-596989603L, -1676171177L, -618864834L, -1485486216L, -1842500517L, 
-1358767175L, 139717128L, 321482934L, -2097895439L, -1352224221L, 
-1240008078L, -158449468L, 619693703L, -1689321891L, 1421795412L, 
-146816390L, 1120131525L, -274519265L, -1560279386L, -1567156176L, 
-57554221L, -1530044175L, 1339870240L, 430676670L, 1782918857L, 
-245552005L, -1270169014L, 1193129644L, -1065995857L, -491742875L, 
41649948L, -1712551054L, 404973549L, 825215015L, 1473007694L, 
-1305733976L, -612279637L, -393170999L, -1316011048L, 959324806L, 
1584853857L, 772437747L, 1220110690L, -124184620L, 1783063255L, 
-1846433587L, -1948901276L, 1380355658L, 399989685L, -1616287985L, 
-259148778L, -375906624L, 710609027L, -1492966239L, 809650832L, 
-1030784658L, 1328928537L, -759215189L, -656926310L, -2004468388L, 
572609631L, 487230517L, -545712180L, 686474018L, 1279966589L, 
-331526537L, 2100131742L, -229550504L, 2036613051L, 370790745L, 
-1032860952L, 1415222038L, -1538354031L, -167851709L, -1661746094L, 
1179014884L, -1592389337L, 1885323645L, -620590988L, -2013500838L, 
-390060379L, -686164801L, -1267087546L, 1741776336L, -733333517L, 
1735528209L, 828395328L, -572180706L, -627103767L, -617919205L, 
-1446598870L, -1548994484L, -994209777L, 1161747269L, 991939836L, 
780090194L, -2107777843L, 1891409031L, 2137991022L, 1451972936L, 
-893674165L, -276610903L, -206609928L, -389525210L, -1877306815L, 
1687641043L, -1424938622L, 1151720884L, 625404215L, 1845689389L, 
335341892L, -358916502L, -1439639339L, -380553617L, -332913802L, 
138007712L, 1921830243L, -2080055807L, -1004823184L, -1149862642L, 
-1865072775L, 1786068747L, 426131514L, 1618464572L, -1401705345L, 
-2032648235L, 387871212L, -1716731070L, -466072419L, -1811434217L, 
1800211582L, -1218403272L, 2063794971L, 1788045433L, 1019769032L, 
-1500161802L, 1217751345L, 1856397667L, -239176910L, 868285572L, 
-1104590649L, 1240953757L, 479885076L, 659369402L, 718146565L, 
-2072993313L, 20800614L, -1133698064L, -1778098925L, 344753L, 
-1595576992L, 511091454L, 1264918153L, 1588709819L, -174361718L, 
478845548L, 976344047L, -1302488027L, -877050660L, 1977080498L, 
-911835731L, -773537433L, -1079157106L, 481281896L, -1780514965L, 
497379593L, -289734760L, -739113274L, 965235745L, -406290253L, 
936172066L, 906648596L, -196915049L, 807281293L, 1577022372L, 
-1573646966L, 1587231221L, 811390031L, -512920324L, -461660780L, 
-1499172030L, 647965184L, 1919641660L, -240512432L, 1902776482L, 
-1591991480L, -1963324916L, -1490576676L, -1939910574L, 1715252352L, 
-953358508L, -1419063320L, 780862202L, 626476880L, -599841748L, 
833378676L, -312209774L, -383770016L, 2096189580L, -1764388512L, 
-801482526L, -121656152L, -1143085364L, 1473321468L, 2065652658L, 
-883842064L, 2094256580L, 938282328L, 326001018L, -67669584L, 
-1731622468L, 1677475412L, 908122562L, 1708286752L, 1225077692L, 
1749954640L, -16524318L, -1316061336L, -439437492L, 889687804L, 
-1003317518L, -616121088L, 639274100L, -1629958648L, -1732655686L, 
-218827312L, -1187498004L, 1728957332L, -816101166L, 1047520352L, 
-403665588L, 197038880L, -1652344190L, -84475416L, 131054572L, 
461536828L, -691788174L, 1377282928L, -172892892L, -818759112L, 
-2017922662L, -1305940528L, -2010577476L, -1360892268L, -1050090878L, 
637722048L, -2061682884L, 948843152L, -1505954014L, -1591003640L, 
1084130060L, -2000157796L, -506160110L, 31648640L, 980130580L, 
2094167336L, -1963970502L, -1229765680L, -2063992212L, -752628684L, 
97300626L, -1858520736L, -1369023156L, 900224480L, -1262101598L, 
1397054376L, 521100428L, -1120128068L, 1491870834L, -359643152L, 
-1780865980L, -1464776616L, -1560707014L, 1649068144L, 1516142140L, 
-25467116L, -993260862L, 1830572768L, -406092676L, -505819952L, 
-1302998110L, -780464600L, -10616564L, -1979643972L, -1626951374L, 
730912960L, -2073947596L, -1549542712L, 925663930L, 1001671824L, 
1193019116L, -482879916L, -658610542L, -1155160288L, -893192244L, 
-814978848L, 1088835266L, 504353832L, 126884780L, 396151484L, 
-342302222L, 1970005552L, 196147108L, 770818488L, 680270682L, 
1072338064L, -1508369540L, 1595612948L, -774382270L, 2017922816L, 
512146364L, 223747920L, 1405804834L, -1576359352L, -115927028L, 
1391594588L, -377024046L, 21730816L, -1831587500L, 588816616L, 
93704442L, -431528240L, 235424044L, 429947124L, 1435200914L, 
-1334277792L, 1019643916L, 1988504288L, -338746782L, 1583200936L, 
-414860724L, 470927228L, 1211714866L, 1198204528L, 459291460L, 
-1721088040L, 531095418L, -844370384L, -784459844L, 1120507476L, 
-297744318L, 610091168L, 1891315388L, -1976186416L, -1310219422L, 
1828668136L, -1875558196L, 1163969020L, 1956243954L, -1578812800L, 
1625978356L, 1323935368L, -456941766L, -1775385776L, -244337556L, 
1978743188L, -1274387374L, -575428128L, -1962640180L, -1229869920L, 
1184159106L, -2129452824L, -947716372L, -1998287556L, 1257012338L, 
122871920L, 551417892L, 725167160L, 255817498L, -1619018544L, 
1036670780L, -1443014764L, -1135850622L, -750865984L, -307376580L, 
1045505424L, 1403512354L, 1505860872L, 1560675980L, -812460260L, 
1723244690L, 201099648L, 1498144276L, -745763032L, -660712902L, 
752047568L, 1825638764L, 1740186548L, -705427438L, 1132768736L, 
862683084L, 979099872L, 1717098530L, 1793278248L, -169755124L, 
-1770528964L, -368133134L, -87774480L, 946710084L, 637690456L, 
932601658L, -1332595216L, -1149038916L, -495003372L, 1275476674L, 
421456842L, -460970776L, 1488459729L, 140331459L, -551677244L, 
-947097230L, -628442041L, -2003554287L, 767474070L, -1519829772L, 
1757738629L, 2060664783L, 931573448L, -1140373658L, -1397736045L, 
1394319093L, 2030780114L, 183839008L, 902531337L, -1361437125L, 
-1321987188L, -2063879654L, 1124823695L, -820912679L, 20038254L, 
969134588L, -1020935315L, -1033687785L, -1736554272L, 498265790L, 
-81462133L, -2138080499L, 61344570L, 467231608L, -1745178335L, 
1809635795L, -332363532L, 1247693186L, 825777175L, -713774367L, 
1409020966L, 414601508L, 580653525L, -72594049L, -2050345960L, 
-1090823370L, 568450499L, -751111163L, 701812642L, 1795345296L, 
1028968249L, 933673963L, 1365159132L, 1689023754L, 1232600063L, 
-1938178487L, -1318278178L, 520819596L, 1166168925L, 1426428775L, 
1648261264L, -1667455314L, 1757856603L, -779562179L, 2018564522L, 
-1312704952L, 49514097L, 2018605027L, 1859355364L, 1129634322L, 
1269337575L, -2134861391L, -1997066250L, -1113656812L, 716668197L, 
1155730991L, -474022936L, 965119174L, 475249011L, -2129460779L, 
1833260466L, -671962240L, -110350487L, -1341250597L, 2002258732L, 
1774605626L, 926329839L, 934706809L, -747239154L, -418653988L, 
-1056977075L, -1998373193L, 1614097472L, -1703090914L, 1983348715L, 
1251296109L, -1552346662L, -1382134888L, 597127681L, 524379059L, 
2142733012L, -1343724574L, 968734327L, -862081087L, 797429062L, 
-1230447484L, 1230004789L, 1443932703L, 637201784L, -1936823210L, 
-27561757L, 360437413L, -1084449982L, -1648660176L, 1664141657L, 
-282408245L, 353415996L, -1064887446L, -31622753L, 1030254633L, 
-540292418L, 974556076L, 1283700989L, 1472836679L, -1642376400L, 
1461408846L, -1662437253L, 984316893L, 22028810L, 894322472L, 
483514769L, 984637315L, -131394428L, 1956041394L, -579271161L, 
-25360815L, 1807007190L, 1340379316L, 2104806597L, 637079055L, 
1192691336L, 2025941926L, -191519917L, -1573950283L, -1925412334L, 
